 1.06535000e+01
 7.64375000e+00
 9.34651000e+00
 1.89489000e+01
 1.22945000e+01
 5.47718000e+00
 7.53958000e+00
 7.40011000e+00
 1.45402000e+01
 1.82057000e+01
 1.72577000e+01
 1.12502000e+01
 0.00000000e+00
 5.60256000e+00
 5.59054000e+00
 4.20080000e+00
 1.18434000e+01
 9.72397000e+00
 8.87369000e+00
 8.71869000e+00
 4.78611000e+00
 9.19547000e+00
 9.90796000e+00
 4.18626000e+00
 1.23689000e+01
 5.13200000e+00
 4.64921000e+00
 1.38351000e+01
 1.75035000e+01
 5.46072000e+00
 4.82332000e+00
 3.40621000e+00
 4.57614000e+00
 3.96902000e+00
 4.16976000e+00
 1.18907000e+01
 5.20351000e+00
 9.11730000e+00
 1.01051000e+01
 5.83952000e+00
 8.90018000e+00
 8.68611000e+00
 1.62829000e+01
 1.22376000e+01
 8.55445000e+00
 5.10691000e+00
 3.94591000e+00
 8.61436000e+00
 9.73400000e+00
 4.65798000e+00
 9.21699000e+00
 1.10934000e+01
 7.38858000e+00
 4.06252000e+00
 5.10178000e+00
 3.18244000e+00
 4.05474000e+00
 7.36768000e+00
 3.28189000e+00
 4.42715000e+00
 6.74720000e+00
 4.28026000e+00
 6.13004000e+00
 1.25590000e+01
 1.28877000e+01
 1.00000000e+01
 7.71779000e-01
 4.12008000e-01
 1.01809000e-01
 1.65586000e-01
 2.85734000e-01
 6.95341000e-01
 5.39209000e-01
 1.59978000e-01
 4.02581000e-01
 2.86321000e-02
 2.92414000e-02
 2.24179000e-01
 7.15139000e-01
 4.17629000e-01
 6.40645000e-03
 2.00107000e-01
 6.46716000e-01
 4.91253000e-03
 1.62833000e-02
 3.95069000e-03
 1.15095000e-02
 1.69939000e+00
 2.12110000e-01
 3.22806000e-01
 3.70650000e-01
 6.72702000e-01
 1.33726000e-03
 1.49463000e-03
 4.27532000e-03
 4.57147000e-01
 8.71128000e-03
 1.25225000e-01
 1.61813000e-01
 2.08550000e-01
 1.75084000e-01
 4.70335000e-01
 7.02951000e-01
 7.47230000e-02
 5.18963000e-02
 1.11072000e-01
 2.65960000e-01
 5.83581000e-02
 1.34686000e-01
 6.65080000e-01
 2.43223000e-02
 3.22715000e-02
 2.72474000e-02
 5.78918000e-02
 1.26101000e-01
 1.44112000e-01
 4.74992000e-02
 1.70414000e-01
 4.71921000e-01
 1.00444000e-01
 1.49052000e-01
 1.13447000e-01
 2.01178000e-01
 1.81567000e-01
 2.91779000e-01
 9.33090000e-01
 1.13551000e-02
 4.83055000e-02
 1.73829000e-02
 4.23648000e-02
 3.95348000e-02
 8.63279000e-02
 4.89759000e-04
 3.89355000e-05
 6.28576000e-05
 0.00000000e+00
 0.00000000e+00
 0.00000000e+00
 0.00000000e+00
 0.00000000e+00
 0.00000000e+00
 0.00000000e+00
 0.00000000e+00
 0.00000000e+00
 1.18847000e-04
 5.02813000e-07
 2.06034000e-08
 0.00000000e+00
 0.00000000e+00
 0.00000000e+00
 0.00000000e+00
 0.00000000e+00
 0.00000000e+00
 6.36275000e-05
 2.85389000e-07
 1.76843000e-08
 0.00000000e+00
 0.00000000e+00
 0.00000000e+00
 8.43578000e-02
 2.36951000e-01
 1.37961000e-02
 2.02963000e-03
 5.26077000e-04
 7.70544000e-01
 8.90997000e-04
 1.32672000e-03
 5.59569000e-01
 3.26772000e-01
 7.96681000e-02
 9.40904000e-02
 2.51894000e-01
 1.08453000e+00
 6.28099000e-03
 3.52649000e-03
 2.67735000e-05
 1.17513000e-04
 0.00000000e+00
 0.00000000e+00
 0.00000000e+00
 0.00000000e+00
 0.00000000e+00
 0.00000000e+00
 9.63897000e-06
 1.33874000e-04
 0.00000000e+00
 0.00000000e+00
 0.00000000e+00
 0.00000000e+00
 5.01069000e-06
 1.30410000e-05
 0.00000000e+00
 0.00000000e+00
 3.57728000e-03
 8.99032000e-03
 5.51578000e-01
 4.97130000e-01
 5.08768000e-01
 7.57547000e-06
 0.00000000e+00
 0.00000000e+00
 0.00000000e+00
 1.53617000e-06
 0.00000000e+00
 0.00000000e+00
 5.68088000e-07
 0.00000000e+00
 7.24922000e-01
 3.06294000e+00
 1.89705000e-01
 2.44716000e-01
 8.89769000e-02
 7.87159000e-06
 2.07002000e-05
 0.00000000e+00
 0.00000000e+00
 0.00000000e+00
 0.00000000e+00
 0.00000000e+00
 0.00000000e+00
 4.17539000e-06
 1.52891000e-05
 0.00000000e+00
 0.00000000e+00
 0.00000000e+00
 0.00000000e+00
 1.57828000e-06
 7.59135000e-06
 0.00000000e+00
 0.00000000e+00
 6.17321000e-01
 1.11476000e-01
 3.98640000e-01
 3.79720000e-01
 4.22180000e+00
 3.65602000e-01
 2.47646000e+00
 2.91613000e+00
 1.47112000e+00
 3.50298000e+00
 1.27215000e+00
 6.36637000e-01
 3.55896000e+00
 5.54912000e+00
 4.97730000e+00
 6.75161000e+00
 8.70175000e-01
 8.46141000e-01
 5.14985000e+00
 5.39631000e+00
 6.40836000e+00
 1.19371000e+01
 6.55535000e-03
 5.78856000e-03
 3.59303000e-02
 3.30711000e-02
 3.85912000e-02
 8.10253000e-02
 5.54661000e-01
 3.80589000e-01
 2.22879000e+00
 2.52081000e+00
 2.93716000e+00
 7.02806000e+00
 1.78345000e-01
 9.86152000e-02
 5.82319000e-01
 7.82359000e-01
 6.94780000e-01
 1.59267000e+00
 1.47784000e-01
 9.65063000e-02
 1.19909000e+00
 1.00007000e+00
 6.15128000e-01
 3.02687000e+00
 4.40068000e-01
 2.80490000e-01
 2.31264000e+00
 1.70562000e+00
 1.37719000e+00
 3.89317000e+00
 3.36848000e-01
 1.69331000e-01
 1.65977000e+00
 1.60600000e+00
 1.98801000e+00
 3.12165000e+00
 1.84717000e-03
 1.31362000e-03
 6.14033000e-03
 7.52528000e-03
 6.85369000e-03
 1.62973000e-02
 4.73948000e-01
 3.08385000e-01
 1.64311000e+00
 1.85297000e+00
 1.49013000e+00
 4.24647000e+00
 1.26387000e-02
 9.99831000e-03
 7.29885000e-02
 5.21122000e-02
 7.35175000e-02
 1.28404000e-01
 6.99445000e+00
 3.19266000e+00
 1.96282000e+01
 1.32143000e+01
 1.42600000e+01
 1.20235000e+02
 4.08883000e+00
 7.05354000e-01
 4.61839000e-01
 2.70412000e+00
 3.09221000e+00
 2.63071000e+00
 1.40351000e+00
 4.70204000e+00
 0.00000000e+00
 0.00000000e+00
 2.17658000e-02
 0.00000000e+00
 3.15007000e-04
 0.00000000e+00
 1.69542000e-02
 0.00000000e+00
 0.00000000e+00
 0.00000000e+00
 2.00466000e-04
 2.56042000e-04
 0.00000000e+00
 0.00000000e+00
 6.38754000e+00
 8.98093000e-02
 1.02566000e-02
 1.75137000e-01
 4.24200000e-01
 3.41855000e+01
 2.33049000e-01
 1.43806000e-01
 2.83152000e+00
 1.15783000e-01
 5.35971000e-02
 9.79969000e-01
 8.98416000e-02
 1.80968000e-01
 3.11004000e+00
 1.18277000e-01
 8.20537000e-02
 0.00000000e+00
 0.00000000e+00
 0.00000000e+00
 0.00000000e+00
 0.00000000e+00
 0.00000000e+00
 0.00000000e+00
 0.00000000e+00
 0.00000000e+00
 0.00000000e+00
 0.00000000e+00
 0.00000000e+00
 0.00000000e+00
 0.00000000e+00
 1.89075000e+00
 3.78602000e-02
 2.98026000e-02
 0.00000000e+00
 0.00000000e+00
 0.00000000e+00
 0.00000000e+00
 0.00000000e+00
 2.86010000e-01
 1.06386000e-02
 0.00000000e+00
 1.54223000e-01
 3.51109000e-02
 3.23824000e+00
 1.26229000e-01
 1.68180000e-02
 1.87035000e-02
 0.00000000e+00
 0.00000000e+00
 0.00000000e+00
 1.10312000e-01
 3.97819000e-02
 2.31585000e-01
 5.91916000e-02
 1.37183000e-02
 5.62243000e-02
 5.89774000e-03
 0.00000000e+00
 0.00000000e+00
 0.00000000e+00
 0.00000000e+00
 0.00000000e+00
 0.00000000e+00
 1.44624000e-01
 1.61466000e-02
 6.99952000e-03
 1.60150000e-03
 0.00000000e+00
 0.00000000e+00
 0.00000000e+00
 3.15698000e-02
 2.31167000e-02
 7.69772000e-02
 0.00000000e+00
 0.00000000e+00
 2.77971000e-02
 7.37777000e-03
 0.00000000e+00
 4.81052000e-02
 1.65329000e-01
 2.44198000e-01
 2.10706000e-02
 0.00000000e+00
 7.88692000e-02
 5.14460000e-01
 1.71900000e-01
 1.11975000e+00
 2.65877000e+00
 1.26787000e+00
 1.30269000e+00
 6.68725000e+00
 1.29071000e+00
 7.49095000e-01
 6.25654000e-02
 3.87284000e+00
 3.40198000e-02
 3.54055000e-02
 0.00000000e+00
 0.00000000e+00
 7.52801000e-01
 1.77207000e+00
 1.51736000e+00
 4.45201000e+00
 1.08577000e+01
 2.22561000e+00
 3.65851000e+00
 2.47140000e+00
 3.44503000e+00
 5.45296000e-01
 8.04224000e-01
 4.44401000e+00
 1.44591000e+00
 3.12894000e+00
 1.05478000e+00
 9.66079000e-01
 1.88089000e-01
 9.67779000e-01
 2.11653000e-01
 7.11573000e-01
 1.72323000e-01
 8.59395000e-01
 1.52527000e-01
 2.60193000e-02
 4.04220000e-01
 1.53152000e-02
 1.68567000e-02
 1.46461000e-01
 1.09843000e-01
 4.71554000e-03
 3.41598000e-03
 0.00000000e+00
 0.00000000e+00
 0.00000000e+00
 0.00000000e+00
 1.32957000e-02
 9.59929000e-03
 1.84845000e-03
 2.45636000e-04
 0.00000000e+00
 0.00000000e+00
 1.87198000e-01
 2.30849000e-01
 6.31497000e-02
 6.37803000e-02
 2.64608000e-02
 1.62474000e-01
 2.51638000e+00
 1.89914000e-01
 1.37880000e-01
 1.80574000e-02
 2.20457000e-02
 1.57748000e-02
 1.63554000e-02
 6.08487000e-02
 1.55257000e-01
 7.46303000e-02
 1.19648000e-01
 6.06030000e-02
 1.09917000e+00
 3.44113000e-02
 1.57368000e-02
 3.58913000e-03
 0.00000000e+00
 0.00000000e+00
 0.00000000e+00
 5.00432000e-01
 4.70668000e-01
 6.95923000e-01
 1.38252000e+00
 2.19316000e-01
 7.91950000e-01
 8.64670000e-02
 2.95048000e-01
 1.09307000e-01
 2.56058000e+00
 4.16675000e-01
 2.23948000e+01
 7.07366000e-01
 5.40683000e-01
 4.59280000e-01
 3.29014000e-01
 5.28613000e-01
 1.75452000e-01
 1.03817000e+00
 1.72259000e+01
 3.81862000e-01
 4.60113000e+00
 6.45338000e-01
 7.22897000e+00
 3.35440000e-02
 2.27496000e-01
 4.36378000e+00
 1.29310000e+00
 2.17799000e+00
 5.01395000e+01
 4.07444000e-01
 1.98028000e+01
 1.78607000e+00
 1.88674000e+01
 3.19573000e-01
 2.18565000e+00
 1.52998000e+00
 8.72756000e-01
 1.68354000e+00
 7.92020000e-01
 0.00000000e+00
 6.99107000e+01
 1.33479000e+01
 1.07948000e-02
 1.23682000e-05
 5.12421000e-01
 5.55124000e+00
 6.38119000e-03
 0.00000000e+00
 7.20202000e-01
 6.70622000e-01
 2.02208000e-01
 1.18410000e+00
 1.18715000e+00
 2.19854000e-01
 2.54264000e-01
 7.37397000e-01
 4.11730000e-01
 2.53839000e-02
 3.05185000e-01
 1.17036000e-02
 4.72846000e-02
 1.72202000e-01
 9.82020000e-03
 4.18975000e-02
 1.72190000e-01
 2.66864000e-01
 9.67145000e-02
 1.17797000e-01
 1.41462000e-01
 1.26771000e-01
 4.95600000e+00
 3.08091000e+00
 1.14336000e+00
 2.29030000e-02
 2.27605000e-02
 9.61088000e-04
 5.23969000e-04
 1.56349000e-02
 5.10721000e-04
 2.17061000e+00
 1.15576000e+00
 1.43826000e+00
 1.22886000e-02
 1.20963000e-02
 7.85248000e-03
 3.18407000e-01
 6.44523000e-03
 4.09642000e+00
 7.88816000e-01
 1.23488000e+00
 5.35628000e-03
 2.02554000e-02
 4.26644000e-03
 1.06890000e+01
 3.12804000e+00
 5.36205000e-02
 1.53114000e-02
 1.36970000e+01
 1.10581000e+01
 2.10599000e+01
 4.42762000e+00
 2.28413000e+00
 3.40171000e+00
 7.61807000e-02
 8.85241000e-02
 7.32822000e-02
 3.26635000e-02
 2.68078000e-02
 4.43191000e-02
 2.46415000e+00
 2.92770000e+00
 2.77590000e+00
 2.43977000e-02
 2.03423000e-02
 2.42432000e-02
 3.95323000e+00
 2.18548000e+00
 3.68334000e+00
 6.00031000e-01
 3.96158000e-03
 7.83783000e-02
 5.83277000e-04
 4.76439000e-02
 1.93575000e-04
 6.48374000e-03
 3.50095000e-05
 1.96868000e-03
 6.50025000e-06
 5.80627000e-04
 2.73287000e-06
 1.14107000e-01
 1.40933000e+00
 8.41368000e-04
 1.33130000e-02
 9.16333000e-02
 3.28234000e-01
 2.81880000e-04
 3.30603000e-03
 2.63392000e-03
 3.30222000e-02
 6.43121000e-06
 1.26774000e-04
 4.82990000e-04
 3.67934000e-03
 6.30281000e-06
 4.06614000e-05
 1.99690000e+00
 1.04284000e+00
 1.38753000e+00
 1.62163000e+00
 9.95835000e-01
 1.75727000e+00
 9.37316000e-01
 9.59790000e-01
 3.91764000e-01
 4.09747000e-01
 2.67166000e+00
 1.45722000e-01
 7.36189000e-01
 1.89456000e-01
 9.39233000e-02
 6.55495000e-04
 1.45134000e-02
 2.69426000e-04
 3.66637000e-03
 1.09877000e-03
 4.25750000e-03
 1.63286000e-03
 1.20644000e-03
 9.21987000e-06
 2.66842000e-04
 3.19930000e-06
 1.46894000e+00
 3.52402000e-01
 5.76897000e-02
 5.35031000e-02
 3.04674000e-01
 3.61369000e-03
 1.30795000e-03
 1.54598000e-03
 1.38022000e-03
 1.95853000e-03
 3.71018000e-04
 1.07641000e-01
 9.31362000e-04
 1.15388000e-04
 6.63972000e-05
 3.79625000e+00
 1.23963000e+00
 1.35731000e+00
 2.87746000e-01
 1.71418000e-04
 1.39585000e-04
 5.12171000e-01
 3.65355000e-03
 1.24477000e-01
 1.22355000e-03
 7.44580000e-05
 3.27351000e-07
 1.95216000e-04
 7.90839000e-07
 1.45363000e-04
 3.11465000e-07
 1.70830000e-04
 9.48124000e-07
 2.18368000e+00
 8.32401000e-01
 2.57071000e+00
 5.52845000e-01
 8.62638000e-01
 2.56004000e-01
 1.84193000e-02
 6.51941000e-03
 1.12087000e-02
 2.87956000e-03
 1.25233000e+00
 2.76531000e-01
 8.81430000e-03
 4.13026000e-03
 1.11907000e-01
 5.23275000e-03
 0.00000000e+00
 7.09980000e-05
 0.00000000e+00
 0.00000000e+00
 3.24837000e-05
 0.00000000e+00
 0.00000000e+00
 9.86100000e-06
 0.00000000e+00
 3.87770000e-02
 0.00000000e+00
 0.00000000e+00
 0.00000000e+00
 1.39331000e-05
 0.00000000e+00
 4.68602000e-02
 0.00000000e+00
 0.00000000e+00
 0.00000000e+00
 6.68608000e-06
 0.00000000e+00
 9.77991000e-03
 0.00000000e+00
 0.00000000e+00
 0.00000000e+00
 3.33453000e-06
 0.00000000e+00
 0.00000000e+00
 1.23835000e-05
 0.00000000e+00
 0.00000000e+00
 2.07823000e-06
 0.00000000e+00
 0.00000000e+00
 8.02762000e-05
 0.00000000e+00
 0.00000000e+00
 0.00000000e+00
 1.63068000e-05
 2.80595000e-05
 0.00000000e+00
 0.00000000e+00
 0.00000000e+00
 4.39298000e-05
 0.00000000e+00
 0.00000000e+00
 0.00000000e+00
 2.69209000e-05
 2.10163000e-05
 0.00000000e+00
 0.00000000e+00
 2.93901000e-04
 3.96348000e-06
 0.00000000e+00
 6.17074000e-08
 0.00000000e+00
 3.23243000e-03
 0.00000000e+00
