 1.14375793e+01
 1.07359406e+00
 8.23503597e+00
 1.07735387e+00
 9.99848858e+00
 1.06975690e+00
 1.36097922e+01
 7.18237960e-01
 9.90264513e+00
 8.05452390e-01
 7.25749805e+00
 1.32504388e+00
 5.88884233e+00
 7.81056948e-01
 9.64537774e+00
 1.30340949e+00
 1.67754551e+01
 1.15373069e+00
 1.48920095e+01
 8.17985522e-01
 1.37045658e+01
 7.94113824e-01
 1.14860171e+01
 1.02095999e+00
 0.00000000e+00
 9.93608646e-01
 8.54582412e+00
 1.52534297e+00
 5.47337896e+00
 9.79042079e-01
 4.82785967e+00
 1.14927076e+00
 1.09965198e+01
 9.28495361e-01
 9.12631723e+00
 9.38537797e-01
 1.10114353e+01
 1.24090763e+00
 1.10557327e+01
 1.26804917e+00
 5.09705546e+00
 1.06496833e+00
 8.65623056e+00
 9.41358485e-01
 1.20503319e+01
 1.21622740e+00
 4.25586111e+00
 1.01662644e+00
 1.04376585e+01
 8.43863663e-01
 6.34002299e+00
 1.23538981e+00
 1.12381338e+01
 2.41721325e+00
 2.81832279e+01
 2.03708443e+00
 3.80332411e+01
 1.92337207e+00
 4.47431051e+00
 8.19361582e-01
 5.24207589e+00
 1.08681864e+00
 3.74322729e+00
 1.09894289e+00
 4.16859004e+00
 9.10940767e-01
 7.31623128e+00
 8.65004560e-01
 4.58620860e+00
 1.09987305e+00
 1.04076708e+01
 8.75279921e-01
 4.65241683e+00
 8.94091135e-01
 8.41171058e+00
 9.22610175e-01
 9.11958558e+00
 9.02476910e-01
 7.46280988e+00
 1.27798259e+00
 9.48850449e+00
 1.06610264e+00
 1.23037592e+01
 1.41648739e+00
 1.32414114e+01
 8.13207790e-01
 1.07446806e+01
 8.78006807e-01
 1.04771372e+01
 1.22475804e+00
 4.27574144e+00
 8.37246336e-01
 4.96617521e+00
 1.25856216e+00
 7.55779490e+00
 8.77348945e-01
 1.01165253e+01
 1.03929844e+00
 4.84177422e+00
 1.03945774e+00
 1.06887530e+01
 1.15968042e+00
 8.37253080e+00
 7.54729685e-01
 6.90133631e+00
 9.34054582e-01
 3.68836826e+00
 9.07901735e-01
 4.76389627e+00
 9.33771511e-01
 4.17119917e+00
 9.02929955e-01
 5.68440157e+00
 1.09748379e+00
 6.23568466e+00
 8.46356473e-01
 3.27094203e+00
 9.96665154e-01
 4.86462154e+00
 1.09881559e+00
 7.61116261e+00
 1.12804674e+00
 3.46481487e+00
 8.09486017e-01
 9.56141310e+00
 1.17633216e+00
 1.09560387e+01
 8.72361976e-01
 1.11117270e+01
 8.62199792e-01
 0.00000000e+00
 1.58166761e-03
 2.90607270e-01
 5.06381120e+00
 7.35650833e-01
 5.58422898e-01
 2.59443384e+00
 1.83043844e+00
 3.60221985e-01
 4.02610010e+00
 9.22767573e-01
 6.78992448e-01
 3.86873871e+00
 5.83574997e-01
 3.37564305e+00
 2.71195077e+00
 5.45167597e-01
 2.44058006e+00
 2.57323778e+00
 4.90916513e-03
 3.32711861e+00
 8.22618643e-02
 4.18726954e-01
 4.60510786e+00
 2.54700577e+00
 2.63027206e+00
 5.55603461e+00
 4.00346479e-01
 3.36660570e+00
 2.70212440e+00
 5.18872304e+00
 4.69261498e+00
 1.67864260e+00
 2.60003500e+00
 8.14042352e-01
 3.71632125e+00
 1.98218467e+00
 5.44034428e-01
 1.68135394e+00
 2.10391698e+00
 5.25580705e-01
 2.68065546e+00
 3.37966535e+00
 1.02473644e-02
 5.26493259e+00
 4.64092963e-01
 9.95743387e-01
 1.58142394e+00
 7.54820480e-01
 3.75716674e+00
 2.48221835e+00
 5.06735923e-01
 1.69110522e+00
 2.97977080e+00
 7.08493294e-02
 6.55551315e+00
 5.45186162e-01
 3.67345162e-01
 2.97704781e+00
 8.76484743e-01
 3.49297483e+00
 4.06677319e-01
 4.30668355e-01
 2.38428883e+00
 2.55145295e+00
 1.25859182e-02
 3.12234621e+00
 5.44118845e-01
 5.22517741e-01
 3.83027515e+00
 7.24548241e-01
 3.01915433e+00
 6.13876698e-01
 6.15054457e-01
 5.06515587e+00
 4.67625786e-01
 3.96767951e+00
 3.91566383e-01
 5.22272550e-01
 2.35821570e+00
 2.21482336e+00
 1.13859153e-01
 5.42800078e+00
 2.71134351e-01
 7.50435611e-01
 2.27200542e+00
 1.07769311e+00
 4.76413478e+00
 1.71032506e+00
 4.47211233e-01
 2.68631720e+00
 2.04504558e+00
 3.83256586e-03
 2.74020838e+00
 6.14975041e-01
 1.99264245e-01
 2.53882502e+00
 1.16943211e+00
 3.31532517e+00
 1.79660786e+00
 1.84858924e-01
 3.12401888e+00
 1.14200327e+00
 3.60690185e+00
 1.96483236e+00
 6.07997714e-01
 3.89363142e+00
 6.99196551e-01
 2.60558640e+00
 2.00845707e+00
 2.76397713e-01
 3.03213978e+00
 2.06033658e+00
 2.80821928e+00
 2.16988047e+00
 2.84044459e-01
 3.18413968e+00
 1.54306088e+00
 3.56258290e+00
 1.59534967e+00
 2.74898070e-01
 2.77518329e+00
 2.58187449e+00
 2.46764921e+00
 1.79475536e+00
 9.65695303e-03
 2.12949745e+00
 9.09352909e-03
 2.35593760e+00
 8.31824573e-03
 2.48751833e-01
 1.75029007e+00
 7.58469224e-01
 2.47126500e+00
 9.17246660e-01
 2.28928727e-01
 1.79318295e+00
 6.25714292e-01
 2.70796761e+00
 7.85776371e-01
 8.03157272e-03
 1.67016986e+00
 1.08152928e-02
 1.84878277e+00
 1.06545426e-02
 1.95173008e-01
 1.68286829e+00
 1.26323798e+00
 2.05425414e+00
 9.14537010e-01
 7.68517619e-01
 2.67425652e+00
 2.99725927e+00
 1.43062004e-01
 9.61189930e+00
 7.48050168e-01
 1.11767859e+00
 8.05615657e-03
 5.48475672e-01
 2.46952995e+00
 1.70400406e+00
 2.87424914e-01
 4.66342735e+00
 5.80149090e-01
 4.14833564e-01
 2.51192186e+00
 2.01483462e+00
 1.13611907e-03
 1.26447235e+00
 8.25457949e-01
 1.84807626e+00
 2.53938462e+00
 4.40004274e+00
 2.89980686e+00
 7.77408229e+00
 3.81548152e+00
 1.16630614e+00
 6.08654544e+00
 1.08256926e+00
 8.49823345e+00
 5.95265048e+00
 1.19578812e+00
 5.74876285e+00
 7.56724790e-01
 9.31317029e+00
 1.29207732e+01
 9.88562598e-01
 1.73815835e+01
 8.45133582e-01
 1.93605418e+01
 1.79302743e+01
 6.74557385e-01
 2.36227229e+01
 9.05607405e-01
 1.72146927e+01
 1.62427959e+01
 1.05746100e+00
 1.93932844e+01
 1.03427040e+00
 1.90790600e+01
 3.01612531e+00
 9.83159585e-01
 4.71853649e+00
 7.18247483e-01
 5.47715192e+00
 9.16298845e-01
 2.19113395e+00
 1.38818705e+00
 1.67568744e+00
 4.00666563e+00
 3.48479851e+00
 6.24536661e-01
 5.09074205e+00
 1.49972156e+00
 6.00756115e+00
 3.35230814e-01
 1.89541814e+00
 2.36358669e+00
 6.88658218e-01
 4.31363026e+00
 3.82656948e+00
 1.52988063e-01
 5.45551567e+00
 1.08467195e+01
 2.45965352e+00
 1.41017704e+01
 1.97030430e+00
 4.26618687e+00
 2.37476261e+00
 9.61636773e-02
 4.10363759e+00
 4.08615297e+00
 2.37389453e+00
 1.08580808e+01
 2.43591857e+00
 8.24540763e-02
 5.09387151e+00
 1.12121744e+01
 2.78686631e+00
 5.03087896e-01
 1.92622114e+00
 2.62415035e+00
 6.30173554e-01
 3.59633998e+00
 1.60806722e+00
 3.71105144e-01
 2.07368331e+00
 9.36933480e-01
 2.91859709e+00
 8.77091436e-01
 2.13481961e-01
 3.94483270e+00
 4.63188607e-01
 3.09978365e+00
 7.00748763e-01
 1.10966556e+00
 8.11575525e-01
 1.30650203e+00
 6.40625271e-01
 1.27668002e+00
 7.72142181e-01
 1.08804407e+00
 1.04176769e+00
 1.26639404e+00
 7.35144122e-01
 9.95872888e-01
 1.17578998e+00
 7.25415509e-01
 9.63100344e-01
 1.14745551e+00
 8.95507787e-01
 1.08693195e+00
 1.18526972e+00
 1.20694693e+00
 1.35580721e+00
 8.06312564e-01
 8.44686298e-01
 7.91885377e-01
 8.85079245e-01
 9.97036125e-01
 8.43651837e-01
 7.02253094e-01
 9.80052910e-01
 9.75311234e-01
 1.19543047e+00
 7.61720108e-01
 7.69276690e-01
 8.61145713e-01
 1.16297970e+00
 8.83079958e-01
 2.91818049e-01
 1.52395810e-01
 5.11579940e-01
 1.73190626e+00
 3.53049760e+00
 1.06075660e+00
 8.06649549e-01
 1.15923513e+00
 1.18154000e+00
 1.10923106e+00
 1.10552050e+00
 6.17337268e-01
 1.27258704e+00
 1.06706706e+00
 1.14435747e+00
 7.52605046e-01
 9.40490142e-01
 6.21070631e-01
 9.87270790e-01
 1.88426497e+00
 7.30747810e-01
 2.62602273e+00
 1.01716920e+00
 1.71752544e+00
 8.20141358e-01
 1.54975384e+00
 1.31609403e+00
 2.60883980e+00
 1.58554605e+00
 8.86417475e-01
 1.51400869e+00
 9.29713812e-01
 1.76056627e+00
 8.25093385e-01
 2.11845422e+00
 1.35868323e+00
 1.51477665e+00
 1.82773589e+00
 1.15816329e+00
 2.49034356e+00
 8.96344125e-01
 1.67728485e+00
 9.46511212e-01
 1.62924050e+00
 1.55483277e+00
 1.30928262e+00
 1.86300322e+00
 8.27768614e-01
 2.15404632e+00
 7.18370517e-01
 1.71416863e+00
 1.03772203e+00
 1.54342631e+00
 1.67686349e+00
 1.43700571e+00
 1.33759063e+00
 9.53811424e-01
 1.99034430e+00
 1.00095796e+00
 2.06460966e+00
 1.37492204e+00
 1.92021654e+00
 1.69777618e+00
 1.45711134e+00
 1.59036227e+00
 1.29836715e+00
 1.99300781e+00
 9.62173450e-01
 2.26275722e+00
 1.16752809e+00
 2.41401373e+00
 1.79677802e+00
 2.02326794e+00
 2.38637987e+00
 1.37901294e+00
 4.78421474e+00
 8.31381831e-01
 4.40263463e+00
 8.89386012e-01
 2.42241534e+00
 2.90450315e+00
 4.72211798e+00
 1.86217244e+00
 1.05361394e+00
 2.09117874e+00
 6.97509820e-01
 2.04642473e+00
 7.24454969e-01
 1.59536859e+00
 2.16315235e+00
 2.67901726e+00
 1.84160027e+00
 7.20135005e-01
 2.30612257e+00
 1.10210363e+00
 2.76203945e+00
 7.70247067e-01
 1.86346778e+00
 1.92585536e+00
 1.55578736e+00
 1.50049560e+00
 1.11011423e+00
 1.85420774e+00
 9.84827097e-01
 1.97343837e+00
 1.80174899e+00
 2.14420199e+00
 1.74958416e+00
 1.92102408e+00
 1.96175802e+00
 9.73405551e-01
 1.80306910e+00
 9.46655522e-01
 1.70542594e+00
 9.73602183e-01
 2.01803207e+00
 1.78947470e+00
 2.22520597e+00
 1.86206884e+00
 9.10421857e-01
 2.37873636e+00
 1.04721915e+00
 2.00911783e+00
 9.76812145e-01
 1.59551848e+00
 2.23468931e+00
 1.58403793e+00
 3.70420668e+00
 8.90329608e-01
 2.83245171e+00
 9.84454036e-01
 3.37086014e+00
 1.02354752e+00
 4.10108250e+00
 6.09163594e+00
 4.52635985e+00
 1.11859291e+00
 2.57114969e+00
 1.10200309e+00
 2.54685558e+00
 1.14093060e+00
 2.42562277e+00
 1.26219662e+00
 2.60982161e+00
 2.28227419e+00
 2.68264909e+00
 7.93258863e-01
 7.42484675e-01
 7.02880064e-01
 6.84429312e-01
 6.08954436e-01
 3.90044119e-01
 5.81565685e-01
 9.47688830e-01
 9.90770408e-01
 8.07833601e-01
 7.80849439e-01
 9.06940773e-01
 5.36828600e-01
 5.00662475e-01
 5.02829158e+00
 1.17876422e+00
 6.66713584e+00
 1.84738834e+01
 1.02263771e+00
 2.06936385e+01
 4.13381278e-01
 3.15734601e+00
 1.82685343e+01
 9.69882043e-01
 4.64312932e+00
 6.98298740e+00
 1.54074637e+01
 8.63579570e-01
 3.10749300e-01
 3.65970605e+00
 1.24506799e+00
 7.46577477e-02
 7.50430319e+00
 1.11030745e-01
 2.94940391e-01
 1.84259253e+00
 1.30051918e+01
 2.88063739e-01
 1.12199574e+01
 1.06175689e+00
 3.25634688e-01
 3.66816015e+00
 2.75821588e+00
 2.26753081e-01
 3.43028023e+00
 2.15951963e+00
 2.16482866e-01
 1.73591715e+00
 1.58366148e+01
 1.84757282e-01
 1.16406300e+01
 1.04039763e+00
 1.19462924e+00
 5.61064301e+00
 8.28982118e-01
 1.39235710e-01
 6.87640772e+00
 2.31571322e+00
 5.37873477e-01
 4.51125329e+00
 6.56364195e-01
 4.88752284e+00
 8.75292446e-01
 5.24287719e+00
 3.93146716e-01
 9.20133708e+00
 4.11667598e+00
 9.72414324e+00
 4.21712335e-01
 6.50843294e-01
 4.04204013e+00
 4.79070745e+00
 2.79309512e-01
 1.23378297e+00
 5.33158035e-01
 3.19758578e+00
 5.86054096e-01
 4.59272131e+00
 7.44129546e-01
 3.56078570e+00
 4.97278561e-01
 4.27287641e+00
 4.60152306e-01
 8.15036171e+00
 4.86446841e+00
 8.71793019e+00
 3.18681978e-01
 9.78616892e-01
 1.10565199e+01
 1.94817436e+01
 4.52065913e+01
 2.46193818e+01
 0.00000000e+00
 5.18364234e-01
 5.07455074e+00
 9.74317836e-01
 2.82878461e+01
 1.13944550e+02
 2.62671462e+01
 3.48439645e+02
 9.79712776e+01
 3.77696554e+01
 4.91496425e+00
 1.20970114e+02
 9.30060350e+00
 3.82967220e+01
 9.11706462e-01
 4.48609345e+01
 1.14172556e+02
 4.04935927e+01
 2.21265552e+01
 1.82582716e+01
 3.09309377e+01
 2.21444546e+02
 1.70716990e+01
 2.96300626e+02
 3.21961566e+01
 2.97443134e+02
 2.23495859e+01
 2.75381444e+02
 4.69020197e+00
 7.56471515e+01
 8.60380934e+00
 5.85335128e+01
 1.02851123e+00
 4.59306291e-01
 2.74108809e+00
 1.11257950e+00
 2.66020377e-01
 3.87723825e+00
 1.78377869e+00
 3.26630909e-01
 4.25608301e+00
 7.82269366e-01
 6.01205094e-01
 6.28151547e+00
 2.31892985e+00
 1.07500527e+00
 4.30955695e+00
 2.67578530e+00
 2.65701923e+00
 1.85700403e+00
 1.24207869e+01
 1.60060929e+01
 3.26747776e+00
 9.09235579e-01
 2.84694679e+00
 3.27091011e-01
 3.72732975e+00
 2.44064672e-01
 2.78444351e+00
 1.89064160e+00
 1.56762116e-01
 3.10493804e+00
 1.31026138e+00
 9.50982389e-01
 8.38995164e+00
 4.29968678e+00
 2.69233127e-01
 3.26366243e+00
 1.70418236e+00
 1.68336132e-01
 3.72383933e+00
 1.58372317e+00
 9.03197466e-01
 3.20260449e+00
 4.17203952e+00
 1.04481951e+00
 3.95279281e+00
 4.44705168e-01
 1.02853948e+01
 4.62321405e+00
 1.51103734e+00
 4.84637413e+00
 3.89160632e-01
 3.33138996e+00
 1.36145599e+00
 3.03748912e+00
 3.64547954e-01
 2.84597208e-01
 5.58360635e+00
 1.40372289e+00
 5.90567463e+00
 4.06832189e-01
 2.79445955e-01
 3.27085694e+00
 7.63295216e-01
 7.52342663e+00
 2.79233444e-01
 7.97833987e+00
 1.87762373e+01
 7.55415797e+00
 1.14736793e+00
 6.54152091e+00
 5.27539437e+00
 1.16879722e+01
 1.10817609e+01
 1.58696912e+01
 1.03020940e+00
 5.50846210e+00
 9.47194792e+00
 1.21611972e+01
 2.25567523e+01
 1.19922002e+00
 6.07961792e+00
 1.03784439e+01
 1.35503397e+01
 2.64443271e+01
 8.77294558e-01
 3.55355595e-01
 3.55091842e+00
 1.49845965e+00
 3.01570884e-01
 4.11560863e+00
 2.47761122e+00
 3.01072871e-01
 3.00433901e+00
 2.23177945e+00
 2.24124121e-01
 4.91970106e+00
 2.40437414e+00
 1.15363169e+00
 3.54453631e+00
 5.84224241e+00
 1.48135403e+00
 5.41203722e+00
 6.45989891e+00
 1.36835548e+00
 5.82654679e+00
 4.52859549e+00
 3.09674814e-01
 6.94997334e+00
 9.84128512e-01
 1.14628046e+00
 4.95592660e-01
 1.78662660e+00
 1.06857332e+01
 8.15013153e+00
 6.63951211e+00
 7.95013937e-01
 3.49355349e-01
 3.80032731e+00
 8.30016409e-01
 5.12753465e-01
 6.60548321e+00
 1.08389811e+00
 9.45892304e-01
 4.76639310e+00
 4.16798622e+00
 3.81827436e-01
 4.89446123e+00
 7.23925320e-01
 6.35839597e-01
 5.16642357e+00
 1.24818729e+00
 8.28241341e-01
 4.39961388e+00
 6.17209365e+00
 1.51398759e+00
 3.34391640e-01
 5.72519516e+00
 1.21997238e+00
 3.56815639e-01
 3.45822324e+00
 1.01216900e+00
 5.87087856e-01
 2.32908487e+00
 1.00721720e+00
 2.46935719e-01
 1.76797868e+00
 8.89549845e-01
 4.14207071e-01
 1.89353726e+00
 9.86036702e-01
 2.33267234e-01
 3.80165289e+00
 9.95196483e-01
 3.57184710e-01
 3.58527484e+00
 8.80686644e-01
 1.57244855e-01
 4.92944707e+00
 1.08191253e+00
 3.01306871e-01
 3.93096850e+00
 1.99054286e+00
 3.33653734e-01
 2.15962964e+00
 1.43540543e+00
 6.99560788e+00
 5.65260205e+00
 1.81119306e+01
 6.25893822e+00
 7.75520273e+00
 1.97896498e+01
 3.85538608e-01
 2.72230516e+00
 4.01966910e+00
 4.30824708e-01
 3.52642348e+00
 7.82295968e-01
 4.00558158e-01
 2.85440981e+00
 1.20337549e+00
 5.12292498e-01
 3.14858649e+00
 3.01698876e+00
 3.64423513e-01
 4.07831951e+00
 2.80699312e+00
 2.53460917e-01
 2.60791284e+00
 3.95953899e+00
 2.55262644e-01
 2.27193316e+00
 3.62807480e+00
 3.43585671e-01
 4.16056333e+00
 1.45307232e+00
 3.63965138e-01
 3.04542679e+00
 3.11299403e+00
 4.40491804e-01
 3.83786575e+00
 2.22893151e+00
 4.20909599e-01
 4.13904300e+00
 1.65546536e+00
 3.96920878e-01
 5.40266791e+00
 1.42433845e+00
 2.50685768e-01
 3.54366411e+00
 1.62630831e+00
 3.66839754e-01
 5.88246675e+00
 2.85008369e+00
 2.43317728e-01
 4.44948156e+00
 1.73314457e+00
 2.08268718e-01
 3.96343820e+00
 1.54271330e+00
 2.27721856e-01
 4.41520944e+00
 1.55918460e+00
 2.60212259e-01
 3.84499944e+00
 1.20587879e+00
 2.59003836e-01
 5.18877513e+00
 1.69108573e+00
 2.02988433e-01
 3.06416902e+00
 1.93808042e+00
 3.25971569e-01
 3.80827887e+00
 8.26216413e-01
 4.01497896e-01
 4.66626632e+00
 4.27725265e+00
 1.82592632e+00
 1.81875268e+00
 2.91751113e-01
 4.81667376e+00
 4.18782476e+00
 2.99979957e+00
 2.59581157e+00
 5.73145521e+00
 3.26435326e+01
 8.12170054e+01
 6.78532819e+01
 1.00593108e+02
 1.05593442e+01
 3.38221625e+01
 8.96723378e+01
 8.38714379e+01
 9.52010950e+01
 2.54707808e-01
 8.61375808e+00
 3.08568579e+00
 2.45577965e-01
 7.59990889e+00
 4.11752202e+00
 1.69381494e-01
 4.23921507e+00
 2.20162012e+00
 1.35191201e-01
 5.26102003e+00
 2.57838793e+00
 7.55166086e-01
 4.33552843e+00
 3.69464394e+00
 8.25713018e-01
 3.42549879e+00
 4.73316165e+00
 7.33115614e-02
 3.35495577e+00
 1.00246793e+00
 2.39778976e-01
 4.26530479e+00
 1.59629829e+00
 2.53375934e-01
 2.27814893e+00
 1.36175954e+00
 6.06083734e-02
 5.74944343e+00
 1.38460506e+00
 7.56306622e-02
 4.14510770e+00
 5.13934941e-01
 9.66496875e-03
 4.64054647e+00
 5.75615652e-01
 1.93180001e-01
 3.37468327e+00
 2.15422696e+00
 1.82862560e-01
 5.63728605e+00
 2.98145675e+00
 2.64771400e-01
 5.79525332e+00
 3.06394064e+00
 3.27551581e-02
 4.12492682e+00
 1.02275549e+00
 3.95637362e-01
 3.44894415e+00
 8.33885048e-01
 3.60773008e-01
 3.98833494e+00
 6.50012184e-01
 5.04966845e-01
 1.07127717e+01
 7.03124180e+00
 1.08904307e+00
 6.34880674e+00
 5.22840821e+00
 1.33530860e+00
 6.89029384e+00
 3.81358072e+00
 7.64462428e-01
 7.42954885e+00
 4.12165002e+00
 5.26122534e+00
 1.38223733e+01
 1.92317193e+01
 4.86210930e+00
 1.00987147e+01
 3.08971198e+01
 4.38866079e+00
 7.53420243e+00
 2.21193467e+01
 2.32481094e-01
 5.19652850e+00
 8.51059519e-01
 2.61770379e-01
 4.12707315e+00
 1.44653480e+00
 3.17978044e-01
 2.97539691e+00
 2.09964005e+00
 4.15751273e-01
 7.58100367e+00
 4.58663232e+00
 1.92702107e+00
 1.50773967e+01
 9.32352307e+00
 4.73779114e-01
 1.27018175e+00
 3.55385367e-01
 9.29767375e+00
 2.73236634e+00
 1.32329938e-01
 1.73235623e+01
 9.78983641e+00
 2.38802578e-01
 9.26759621e+00
 3.47932931e+00
 4.56777991e-01
 4.06430629e+00
 2.42029488e-01
 5.88950218e+00
 1.20164685e+00
 1.87216470e-01
 3.71945223e+00
 9.75632979e-01
 2.45863594e-01
 5.18988436e+00
 1.27885664e+00
 8.85255087e-02
 4.44339835e+00
 2.87272574e+00
 1.93720252e-01
 4.78738125e+00
 2.16382936e+00
 2.50518570e-01
 6.99325613e+00
 2.89409635e+00
 1.19258518e-01
 6.71423837e+00
 2.90311017e+00
 1.31657352e-01
 7.10787378e+00
 4.38904437e+00
 2.06632367e-02
 5.29169438e+00
 7.70853150e-01
 6.71704069e-02
 4.67358955e+00
 6.44159406e-01
 3.48923816e-01
 4.74644300e+00
 6.88524193e-01
 4.97555753e-01
 6.10857673e+00
 8.77305798e-01
 3.79363785e-01
 3.60072811e+00
 1.36775676e+00
 3.84526230e+00
 4.51800225e+00
 4.22549969e-01
 1.49457211e+01
 7.92984972e+00
 4.69328120e-01
 1.88068702e+01
 1.49292901e+01
 6.82845095e-01
 5.39180667e+00
 1.58451986e+00
 2.76301237e-01
 5.25873117e+00
 5.05342190e+00
 3.88225183e-01
 2.99356655e+00
 2.11815852e+00
 2.34447898e-01
 4.66288346e+00
 1.85038655e+00
 3.21714233e-01
 4.03584984e+00
 1.92495571e+00
 1.11579421e+00
 8.20772354e+00
 7.00480937e+00
 1.25016957e+00
 3.94763336e+00
 1.34937986e+00
 3.72874934e-02
 7.71052420e+00
 1.77163883e-02
 6.48708143e+00
 2.00353007e-01
 7.21444989e+00
 3.25125630e+00
 1.93902065e-01
 8.71115220e+00
 4.90253447e+00
 1.47950643e-01
 6.86375568e+00
 6.77133985e-01
 3.65410980e+00
 1.86815110e-01
 2.50466044e+00
 6.88791395e-02
 8.40783748e+00
 3.77585827e+00
 0.00000000e+00
 0.00000000e+00
 0.00000000e+00
 1.10327795e-01
 4.75305121e+00
 1.98641097e+00
 1.54987187e-01
 4.89737428e+00
 1.72705381e+00
 9.04154023e-02
 3.98275902e+00
 2.49190559e+00
 8.89120980e-02
 4.38650408e+00
 1.80085388e+00
 1.57932709e+00
 2.12823132e+00
 2.45610405e-01
 7.28812234e+00
 2.46841039e+00
 1.73031948e-01
 2.56450675e+00
 1.42931532e+00
 5.27888081e-02
 3.83422107e+00
 2.02444675e+00
 1.40099334e-01
 4.01765514e+00
 1.90201298e+00
 5.39399727e-02
 3.85973468e+00
 2.33431119e+00
 6.91825513e-02
 3.29353873e+00
 2.87358207e+00
 1.55963002e-01
 5.57237834e+00
 1.13607472e+00
 3.12442628e-01
 4.10075464e+00
 2.85401437e+00
 1.83048287e-01
 3.79200627e+00
 1.92492586e+00
 2.76672039e-01
 4.02798265e+00
 2.15886449e+00
 1.44707616e-01
 4.36153414e+00
 2.01203898e+00
 3.17235456e-01
 1.92325171e+00
 8.57104093e-01
 3.63092906e-01
 1.42300029e+00
 1.09327921e+00
 3.38929952e-01
 1.81168139e+00
 1.59725040e+00
 2.02005263e-01
 3.48778706e+00
 3.52729380e+00
 1.26034225e+00
 4.48742163e-02
 2.74258046e+00
 1.70869949e+00
 7.66857138e-02
 2.62598524e+00
 2.96917596e+00
 2.53975313e-01
 2.44437850e+00
 2.32050754e+00
 5.41748848e-01
 2.98688235e+00
 4.17609897e+00
 1.37569024e+00
 2.40987534e-01
 3.47036042e+00
 9.67048930e-01
 3.81995028e-01
 3.38878717e+00
 5.67268718e-01
 2.53270270e-02
 3.52623557e+00
 1.74872796e+00
 2.35730002e-01
 2.71788266e+00
 1.84264994e+00
 2.95788596e-02
 2.46094352e+00
 1.45028426e+00
 3.78373932e-01
 4.21067622e+00
 4.92989166e-01
 3.28490427e-01
 2.06847531e+00
 6.35774843e-01
 3.33156014e-01
 1.74009053e+00
 1.31060389e+00
 3.24203133e-01
 2.84424373e+00
 1.17582672e+00
 1.12278833e+00
 1.56486022e+00
 2.44538505e-01
 2.46797784e+00
 1.18397562e+00
 2.32410902e-01
 1.91837385e+00
 2.12464527e-01
 2.68632309e+00
 2.64138506e-01
 2.97654024e+00
 2.09637451e-01
 3.67958725e+00
 3.51418652e-01
 2.19926519e+00
 1.24496843e+00
 3.19149442e-01
 1.41271859e+00
 7.46977518e-01
 3.09434974e-01
 1.82851133e+00
 9.17031215e-01
 3.92282265e-01
 2.24942511e+00
 1.14522695e+00
 3.48236865e-01
 2.02194381e+00
 1.05640365e+00
 2.08513143e-01
 2.24204893e+00
 1.00411687e+00
 4.72985056e-01
 1.60237873e+00
 1.18218091e+00
 4.25252057e-01
 2.49468431e+00
 8.20370620e-01
 2.10263100e-01
 2.11524783e+00
 1.23006366e+00
 2.61799383e-01
 2.41398212e+00
 1.14450734e+00
 4.02987170e-01
 2.23087605e+00
 1.14988318e+00
 2.89630753e-01
 1.93041746e+00
 1.20163167e+00
 2.29733885e-01
 1.88414454e+00
 1.21511020e+00
 3.96858550e-01
 2.17631101e+00
 8.58380869e-01
 8.83458003e-02
 5.24729795e+00
 8.22561616e-02
 3.77049813e+00
 8.15597018e-02
 3.77710746e+00
 8.19220388e-02
 2.88859437e+00
 1.11969447e-01
 2.96964843e+00
 9.34946403e-02
 4.42523337e+00
 1.14013398e-01
 4.06168471e+00
 1.29084098e-01
 4.52636824e+00
 1.12468623e-01
 1.75708989e+00
 9.46816486e-02
 2.58826293e+00
 1.13543194e-01
 3.14619185e+00
 1.08008336e-01
 2.93401830e+00
 3.28237602e-01
 2.26615214e+00
 5.65419665e-01
 3.10909044e-01
 1.86752640e+00
 8.39414380e-01
 3.85802147e-01
 1.65705438e+00
 8.62219949e-01
 3.35297552e-01
 1.61841677e+00
 1.27341503e+00
 1.49477974e-01
 3.47955475e+00
 1.76624216e-01
 3.03742832e+00
 1.76086123e-01
 3.82817508e+00
 2.33625124e-01
 3.39203963e+00
 3.38716299e-01
 2.45307387e+00
 7.26475886e-01
 2.32181097e-01
 1.76590261e+00
 1.18137134e+00
 2.94710238e-01
 3.22937688e+00
 1.22012369e+00
 4.16482573e-01
 1.57121676e+00
 6.96757199e-01
 3.24540223e-01
 2.60508140e+00
 2.30435023e-01
 3.33319208e+00
 1.78367786e-01
 3.96499251e+00
 2.21554724e-01
 3.07938953e+00
 4.36140940e-01
 3.49022301e+00
 8.78495716e-01
 4.44640593e-01
 3.11194218e+00
 1.19489789e+00
 1.96403486e-01
 3.74798272e+00
 8.56150005e-01
 2.55380631e-01
 4.68042637e+00
 9.36081084e-01
 7.52281825e-01
 6.73371809e-01
 9.46517422e-01
 2.20499386e+00
 2.06222001e-01
 3.85348328e+00
 1.00213680e+00
 1.52449514e-01
 4.17241406e+00
 6.40981522e-01
 9.44113695e-01
 2.12048993e+00
 1.90677418e-01
 4.44180587e+00
 4.97209769e-01
 1.98749812e-01
 2.65180648e+00
 3.38249606e-01
 1.95352248e-01
 2.35449817e+00
 7.05551930e-01
 2.02846425e-01
 2.05209089e+00
 4.98248584e-01
 1.80904925e-01
 1.97606474e+00
 6.29286912e-01
 1.80893270e-01
 2.87588172e+00
 6.50307499e-01
 1.44825646e-01
 2.50158869e+00
 6.42075047e-01
 2.78785126e-01
 2.69763278e+00
 5.85692360e-01
 1.72204006e-01
 3.34204345e+00
 6.48621359e-01
 1.24998176e-01
 2.27273260e+00
 6.54345729e-01
 1.97262259e-01
 3.51311646e+00
 7.64194596e-01
 1.65509206e-01
 2.14320778e+00
 6.90493127e-01
 1.57591592e-01
 3.50292384e+00
 6.37173911e-01
 2.14018718e-01
 2.35873114e+00
 4.65711374e-01
 2.78477643e-01
 3.05542775e+00
 6.29955086e-01
 2.81588645e-01
 2.84359957e+00
 5.91342229e-01
 1.23283276e-01
 2.61131661e+00
 7.89065487e-02
 2.96147457e+00
 4.14566435e-01
 7.75515784e-02
 2.26851677e+00
 6.34612574e-01
 1.10078455e-01
 2.79632002e+00
 2.78015150e-01
 1.20994010e-01
 2.23864740e+00
 5.98723604e-01
 3.31146769e-01
 2.60680645e+00
 9.11746827e-01
 3.34593353e-01
 2.31915381e+00
 7.19695823e-01
 1.91636258e-01
 2.03861302e+00
 5.91518343e-01
 1.04240788e+00
 1.30786482e+00
 2.46161943e+00
 7.95380351e-01
 2.45794464e+00
 2.32304935e+00
 2.82550112e-01
 2.67774472e+00
 5.66082552e-01
 1.44588809e-01
 2.67286603e+00
 4.61516217e-01
 1.65138051e-01
 2.39502297e+00
 9.53958767e-01
 2.84460952e-01
 2.41175806e+00
 9.36428469e-01
 1.89609266e+00
 4.74452694e-01
 2.17886122e+00
 3.28192879e+00
 2.21072448e-01
 2.64488124e+00
 3.80068599e-01
 4.66745196e-01
 8.28358451e-02
 2.23517395e+00
 1.20681291e-01
 2.38322420e+00
 9.76008623e-02
 3.59545282e+00
 1.17199048e-01
 2.29310248e+00
 8.44563414e-02
 2.53228058e+00
 8.25581784e-02
 3.36113346e+00
 1.96597205e-01
 2.38635133e+00
 1.20245628e-01
 2.65855953e+00
 2.09894292e+00
 2.01480149e+00
 1.68311163e+00
 1.61046280e+00
 2.56649353e-01
 3.62727020e-01
 3.32104488e-01
 3.69906374e-01
 8.18469073e-01
 1.75483281e+00
 1.59127317e+00
 9.73395248e-01
 2.26462980e-01
 3.24464501e+00
 1.99444368e-01
 3.33918626e+00
 1.66831346e-01
 3.48499128e+00
 1.12021883e-01
 3.13271666e+00
 1.88414164e-01
 3.67143760e+00
 1.81763247e-01
 2.59153362e+00
 1.99314826e-01
 2.94248723e+00
 2.12383730e-01
 2.55528850e+00
 2.47466246e-01
 3.48497476e+00
 2.28779987e-01
 3.66509274e+00
 3.61191033e-01
 2.09941610e+00
 1.10700394e+00
 2.12572111e-01
 1.65417531e+00
 8.82022915e-01
 2.00463947e-01
 2.28523303e+00
 1.00007500e+00
 3.35405150e-01
 2.32364523e+00
 6.90005558e-01
 8.84050105e-02
 7.48589272e+00
 2.21652493e-01
 6.22479504e+00
 2.44862511e-01
 6.76084638e+00
 2.95009807e-01
 8.83725251e+00
 2.97050652e-01
 6.20577394e+00
 2.97429897e-01
 5.14500491e+00
 3.23920922e-01
 5.79773721e+00
 3.81588695e-01
 4.95019727e+00
 2.68314825e-01
 6.08710959e+00
 3.33033114e-01
 6.65886509e+00
 3.06648018e-01
 1.00292291e+01
 3.47162474e-02
 1.49993898e+01
 2.16201800e-02
 9.89920632e+00
 2.57382433e-02
 8.34438086e+00
 2.53525430e-02
 1.14600352e+01
 3.33933765e-02
 9.01219405e+00
 2.82865805e-02
 8.86582463e+00
 3.45799347e-02
 1.10706427e+01
 2.56346334e-02
 1.20543958e+01
 2.05124346e-02
 1.29651168e+01
 3.37481991e-02
 7.55209756e+00
 3.08045979e-02
 1.55131756e+01
 2.72116268e-02
 1.08430497e+01
 3.37055337e-02
 1.51305572e+01
 2.72160614e-02
 1.21586248e+01
 2.32999607e-02
 7.58492035e+00
 3.39801167e-02
 1.03802383e+01
 3.64483456e-02
 1.07705086e+01
 2.26522167e-02
 8.76728391e+00
 3.07992083e-02
 8.22606416e+00
 1.87516189e-02
 8.20078905e+00
 2.30008094e-02
 1.04066392e+01
 4.50174704e-02
 1.02463782e+01
 2.07571734e-02
 1.11731433e+01
 3.18296709e-02
 9.13156924e+00
 5.78040274e-01
 1.27759093e+01
 5.28647575e-01
 1.45792323e+01
 5.44737673e-01
 1.54770304e+01
 2.60137360e-01
 2.28936983e+00
 1.11870452e+01
 1.04600510e-01
 1.11758831e+01
 1.66348593e+00
 9.64644162e-02
 2.54159843e+00
 3.42244524e+00
 1.04737941e-01
 3.72828718e+00
 1.98895645e+00
 2.40977020e-01
 2.19258751e+00
 8.08033590e+00
 1.94827611e-01
 1.26828224e+01
 1.05802332e+00
 4.61245851e-01
 1.16781274e+01
 3.47678565e-01
 8.18205033e+00
 2.45170388e-01
 6.92419075e+00
 1.70764001e-01
 2.21294039e+00
 8.47955706e+00
 9.11336651e-02
 7.47861084e+00
 8.65778460e-01
 2.06479458e-01
 3.28261817e+00
 9.48966195e-01
 9.96040258e-02
 2.67074630e+00
 1.21557902e+00
 1.80394219e-01
 2.01693373e+00
 1.61870417e+01
 2.64519364e-01
 1.68978357e+01
 1.01912990e+00
 3.65726758e-02
 1.00755783e+01
 2.68585471e-02
 8.50902726e+00
 2.26453997e-02
 9.76549558e+00
 2.94916329e-02
 8.68520712e+00
 3.00905481e-02
 1.00353647e+01
 1.60822517e-01
 3.37457131e+00
 9.23526438e-01
 9.80929077e-02
 6.29165551e+00
 9.80456891e-01
 1.00000000e+01
 9.90689430e-01
 1.18603002e+00
